Language,Provider,Filename,Lines,Code,Comments,Blanks,Complexity,Bytes,ULOC
JavaScript,xwiki-platform-core/xwiki-platform-web/xwiki-platform-web-war/src/main/webapp/resources/js/xwiki/xwiki.js,xwiki.js,1915,1234,537,144,360,79145,1315
JavaScript,xwiki-platform-core/xwiki-platform-web/xwiki-platform-web-war/src/main/webapp/resources/uicomponents/widgets/upload.js,upload.js,629,371,200,58,78,25883,404
JavaScript,xwiki-platform-core/xwiki-platform-web/xwiki-platform-web-war/src/main/webapp/resources/uicomponents/search/searchSuggest.js,searchSuggest.js,242,112,113,17,14,9949,192
XML,xwiki-platform-core/xwiki-platform-security/xwiki-platform-security-authorization/xwiki-platform-security-authorization-bridge/pom.xml,pom.xml,117,91,24,2,0,4757,68
XML,xwiki-platform-core/xwiki-platform-index/pom.xml,pom.xml,47,26,19,2,0,1867,44
XML,xwiki-platform-core/xwiki-platform-index/xwiki-platform-index-api/pom.xml,pom.xml,95,68,25,2,0,3823,75
XML,xwiki-platform-core/xwiki-platform-store/xwiki-platform-store-filesystem-oldcore/pom.xml,pom.xml,142,101,38,3,0,5763,97
XML,xwiki-platform-core/xwiki-platform-appwithinminutes/xwiki-platform-appwithinminutes-ui/pom.xml,pom.xml,128,100,26,2,0,5072,65
XML,xwiki-platform-core/xwiki-platform-livedata/xwiki-platform-livedata-macro/pom.xml,pom.xml,103,80,21,2,0,3820,77
XML,xwiki-platform-core/xwiki-platform-flamingo/xwiki-platform-flamingo-theme/xwiki-platform-flamingo-theme-ui/pom.xml,pom.xml,160,133,24,3,0,5849,94
XML,xwiki-platform-core/xwiki-platform-search/xwiki-platform-search-solr/xwiki-platform-search-solr-api/pom.xml,pom.xml,242,201,36,5,0,9321,140
XML,xwiki-platform-core/xwiki-platform-search/xwiki-platform-search-solr/xwiki-platform-search-solr-test-utils/pom.xml,pom.xml,45,23,20,2,0,1918,42
XML,xwiki-platform-core/xwiki-platform-search/xwiki-platform-search-solr/pom.xml,pom.xml,126,97,27,2,0,4893,83
XML,xwiki-platform-core/xwiki-platform-user/xwiki-platform-user-profile/xwiki-platform-user-profile-ui/pom.xml,pom.xml,122,91,28,3,0,4949,68
XML,xwiki-platform-core/xwiki-platform-search/xwiki-platform-search-ui/pom.xml,pom.xml,54,31,21,2,0,2389,46
XML,xwiki-platform-core/xwiki-platform-search/pom.xml,pom.xml,38,17,19,2,0,1653,35
XML,xwiki-platform-core/xwiki-platform-vfs/xwiki-platform-vfs-ui/pom.xml,pom.xml,65,42,21,2,0,2587,48
XML,pom.xml,pom.xml,1495,1302,164,29,0,59056,723
XML,xwiki-platform-core/xwiki-platform-flamingo/xwiki-platform-flamingo-theme/pom.xml,pom.xml,46,25,19,2,0,1889,43
XML,xwiki-platform-core/xwiki-platform-xclass/xwiki-platform-xclass-ui/pom.xml,pom.xml,89,66,21,2,0,3457,53
XML,xwiki-platform-core/xwiki-platform-uiextension/xwiki-platform-uiextension-api/pom.xml,pom.xml,96,71,22,3,0,3813,61
XML,xwiki-platform-core/xwiki-platform-realtime/xwiki-platform-realtime-ui/pom.xml,pom.xml,79,56,21,2,0,3091,53
XML,xwiki-platform-core/xwiki-platform-url/pom.xml,pom.xml,41,19,20,2,0,1775,38
XML,xwiki-platform-core/xwiki-platform-url/xwiki-platform-url-default/pom.xml,pom.xml,68,43,23,2,0,2802,53
XML,xwiki-platform-core/xwiki-platform-logging/xwiki-platform-logging-ui/pom.xml,pom.xml,84,60,22,2,0,3395,53
XML,xwiki-platform-core/xwiki-platform-minimaldependencies/pom.xml,pom.xml,395,287,90,18,0,17264,161
XML,xwiki-platform-core/xwiki-platform-menu/xwiki-platform-menu-ui/pom.xml,pom.xml,139,103,34,2,0,5762,87
XML,xwiki-platform-core/xwiki-platform-logging/xwiki-platform-logging-script/pom.xml,pom.xml,65,44,19,2,0,2625,48
XML,xwiki-platform-core/xwiki-platform-url/xwiki-platform-url-schemes/xwiki-platform-url-scheme-filesystem/pom.xml,pom.xml,54,30,21,3,0,2286,48
XML,xwiki-platform-core/xwiki-platform-url/xwiki-platform-url-schemes/xwiki-platform-url-scheme-reference/pom.xml,pom.xml,51,29,20,2,0,2191,44
XML,xwiki-platform-core/xwiki-platform-url/xwiki-platform-url-schemes/xwiki-platform-url-scheme-standard/pom.xml,pom.xml,80,55,22,3,0,3322,56
XML,xwiki-platform-core/xwiki-platform-url/xwiki-platform-url-api/pom.xml,pom.xml,69,41,25,3,0,3063,55
XML,xwiki-platform-core/pom.xml,pom.xml,320,240,79,1,0,13689,271
XML,xwiki-platform-core/xwiki-platform-administration/xwiki-platform-administration-ui/pom.xml,pom.xml,115,87,26,2,0,4517,77
XML,xwiki-platform-core/xwiki-platform-mail/xwiki-platform-mail-send/xwiki-platform-mail-send-default/pom.xml,pom.xml,117,88,26,3,0,4743,67
XML,xwiki-platform-core/xwiki-platform-notifications/xwiki-platform-notifications-ui/pom.xml,pom.xml,130,102,25,3,0,5188,66
XML,xwiki-platform-core/xwiki-platform-wiki/xwiki-platform-wiki-script/pom.xml,pom.xml,79,54,23,2,0,3313,55
XML,xwiki-platform-core/xwiki-platform-web/xwiki-platform-web-templates/pom.xml,pom.xml,132,102,28,2,0,4880,65
XML,xwiki-platform-core/xwiki-platform-icon/pom.xml,pom.xml,51,29,20,2,0,2034,48
XML,xwiki-platform-core/xwiki-platform-icon/xwiki-platform-icon-default/pom.xml,pom.xml,104,80,21,3,0,3772,74
XML,xwiki-platform-core/xwiki-platform-rest/xwiki-platform-rest-server/pom.xml,pom.xml,276,236,36,4,0,11174,155
XML,xwiki-platform-core/xwiki-platform-diff/xwiki-platform-diff-xml/pom.xml,pom.xml,52,31,19,2,0,2102,45
XML,xwiki-platform-core/xwiki-platform-icon/xwiki-platform-icon-script/pom.xml,pom.xml,48,27,19,2,0,2017,43
XML,xwiki-platform-core/xwiki-platform-rendering/xwiki-platform-rendering-macros/xwiki-platform-rendering-macro-context/pom.xml,pom.xml,77,52,22,3,0,3124,56
XML,xwiki-platform-core/xwiki-platform-invitation/xwiki-platform-invitation-ui/pom.xml,pom.xml,48,25,21,2,0,2123,45
XML,xwiki-platform-core/xwiki-platform-flamingo/xwiki-platform-flamingo-skin/xwiki-platform-flamingo-skin-test/xwiki-platform-flamingo-skin-test-docker/pom.xml,pom.xml,251,191,58,2,0,10248,143
XML,xwiki-platform-core/xwiki-platform-scheduler/xwiki-platform-scheduler-api/pom.xml,pom.xml,80,56,22,2,0,3304,73
XML,xwiki-platform-core/xwiki-platform-rendering/xwiki-platform-rendering-macros/xwiki-platform-rendering-macro-rss/pom.xml,pom.xml,72,48,22,2,0,2847,56
XML,xwiki-platform-core/xwiki-platform-scheduler/xwiki-platform-scheduler-ui/pom.xml,pom.xml,79,54,23,2,0,3207,53
XML,xwiki-platform-core/xwiki-platform-bridge/pom.xml,pom.xml,78,55,21,2,0,3193,55
XML,xwiki-platform-core/xwiki-platform-skin/xwiki-platform-skin-skinx/pom.xml,pom.xml,160,126,31,3,0,6156,126
XML,xwiki-platform-core/xwiki-platform-skin/xwiki-platform-skin-ui/pom.xml,pom.xml,81,58,20,3,0,2967,64
XML,xwiki-platform-core/xwiki-platform-oldcore/pom.xml,pom.xml,967,857,73,37,0,39635,555
XML,xwiki-platform-tools/xwiki-platform-tool-packager-plugin/pom.xml,pom.xml,310,258,48,4,0,12127,192
XML,xwiki-platform-core/xwiki-platform-mail/xwiki-platform-mail-general/pom.xml,pom.xml,73,49,22,2,0,2912,55
XML,xwiki-platform-core/xwiki-platform-rendering/xwiki-platform-rendering-async/xwiki-platform-rendering-async-macro/pom.xml,pom.xml,96,73,20,3,0,3646,58
JSON,xwiki-platform-core/xwiki-platform-livedata/xwiki-platform-livedata-webjar/src/main/config/package.json,package.json,41,41,0,0,0,1117,40
JavaScript,xwiki-platform-core/xwiki-platform-web/xwiki-platform-web-war/src/main/webapp/resources/uicomponents/widgets/locationPicker.js,locationPicker.js,583,364,154,65,56,24908,409
JavaScript,xwiki-platform-core/xwiki-platform-realtime/xwiki-platform-realtime-webjar/src/main/webjar/loader.js,loader.js,868,710,89,69,104,29422,594
XML,xwiki-platform-core/xwiki-platform-rendering/xwiki-platform-rendering-macros/xwiki-platform-rendering-macro-rss/src/test/resources/feed3.xml,feed3.xml,34,13,19,2,0,1342,31
JavaScript,xwiki-platform-core/xwiki-platform-livedata/xwiki-platform-livedata-webjar/src/main/tests/unit/displayers/displayerTestsHelper.js,displayerTestsHelper.js,168,91,68,9,3,5315,134
JavaScript,xwiki-platform-core/xwiki-platform-livedata/xwiki-platform-livedata-webjar/src/main/vue/displayers/displayerMixin.js,displayerMixin.js,126,69,48,9,5,4148,101
Plain Text,xwiki-platform-core/xwiki-platform-rendering/xwiki-platform-rendering-xwiki/src/main/resources/META-INF/components.txt,components.txt,14,14,0,0,0,1018,15
Plain Text,xwiki-platform-core/xwiki-platform-diff/xwiki-platform-diff-xml/src/main/resources/META-INF/components.txt,components.txt,1,1,0,0,0,52,2
Plain Text,xwiki-platform-core/xwiki-platform-oldcore/src/main/resources/META-INF/components.txt,components.txt,266,266,0,0,0,15432,267
Plain Text,xwiki-platform-core/xwiki-platform-localization/xwiki-platform-localization-sources/xwiki-platform-localization-source-wiki/src/main/resources/META-INF/components.txt,components.txt,3,3,0,0,0,217,4
Plain Text,xwiki-platform-core/xwiki-platform-extension/xwiki-platform-extension-handlers/xwiki-platform-extension-handler-xar/src/main/resources/META-INF/components.txt,components.txt,31,31,0,0,0,2100,32
Plain Text,xwiki-platform-core/xwiki-platform-security/xwiki-platform-security-authorization/xwiki-platform-security-authorization-bridge/src/main/resources/META-INF/components.txt,components.txt,8,8,0,0,0,544,9
Plain Text,xwiki-platform-core/xwiki-platform-url/xwiki-platform-url-default/src/main/resources/META-INF/components.txt,components.txt,14,14,0,0,0,734,15
Plain Text,xwiki-platform-core/xwiki-platform-mail/xwiki-platform-mail-general/src/main/resources/META-INF/components.txt,components.txt,8,8,0,0,0,488,9
Plain Text,xwiki-platform-core/xwiki-platform-livedata/xwiki-platform-livedata-macro/src/main/resources/META-INF/components.txt,components.txt,1,1,0,0,0,48,2
Plain Text,xwiki-platform-core/xwiki-platform-index/xwiki-platform-index-api/src/main/resources/META-INF/components.txt,components.txt,9,9,0,0,0,439,10
Plain Text,xwiki-platform-core/xwiki-platform-search/xwiki-platform-search-solr/xwiki-platform-search-solr-api/src/main/resources/META-INF/components.txt,components.txt,38,38,0,0,0,2318,39
Plain Text,xwiki-platform-core/xwiki-platform-flamingo/xwiki-platform-flamingo-skin/xwiki-platform-flamingo-skin-test/xwiki-platform-flamingo-skin-test-docker/src/main/resources/META-INF/components.txt,components.txt,1,1,0,0,0,25,2
XML,xwiki-platform-core/xwiki-platform-index/xwiki-platform-index-api/src/checkstyle/checkstyle-suppressions.xml,checkstyle-suppressions.xml,30,8,19,3,0,1333,26
Java,xwiki-platform-core/xwiki-platform-xar/xwiki-platform-xar-model/src/main/java/org/xwiki/xar/XarPackage.java,XarPackage.java,788,452,231,105,50,25386,400
Java,xwiki-platform-core/xwiki-platform-oldcore/src/test/java/com/xpn/xwiki/user/api/XWikiUserTest.java,XWikiUserTest.java,232,172,28,32,0,10553,109
XML,xwiki-platform-core/xwiki-platform-user/xwiki-platform-user-profile/xwiki-platform-user-profile-ui/src/main/resources/XWiki/XWikiUserProfileSheet.xml,XWikiUserProfileSheet.xml,750,711,19,20,0,29028,442
XML,xwiki-platform-core/xwiki-platform-user/xwiki-platform-user-profile/xwiki-platform-user-profile-ui/src/main/resources/XWiki/XWikiUserPreferencesSheet.xml,XWikiUserPreferencesSheet.xml,350,329,19,2,0,14023,261
Java,xwiki-platform-core/xwiki-platform-oldcore/src/main/java/com/xpn/xwiki/user/api/XWikiUser.java,XWikiUser.java,442,266,117,59,40,15172,230
Java,xwiki-platform-core/xwiki-platform-oldcore/src/test/java/com/xpn/xwiki/api/XWikiTest.java,XWikiTest.java,137,96,24,17,1,5885,103
Java,xwiki-platform-core/xwiki-platform-oldcore/src/test/java/com/xpn/xwiki/XWikiTest.java,XWikiTest.java,1129,824,122,183,8,48982,497
XML,xwiki-platform-core/xwiki-platform-skin/xwiki-platform-skin-ui/src/main/resources/SkinsCode/XWikiSkinsSheet.xml,XWikiSkinsSheet.xml,609,561,19,29,0,21108,390
Java,xwiki-platform-core/xwiki-platform-oldcore/src/test/java/com/xpn/xwiki/web/XWikiServletResponseTest.java,XWikiServletResponseTest.java,120,79,24,17,0,4912,76
Java,xwiki-platform-core/xwiki-platform-oldcore/src/main/java/com/xpn/xwiki/web/XWikiServletResponse.java,XWikiServletResponse.java,346,261,36,49,7,8559,159
XML,xwiki-platform-core/xwiki-platform-wiki/xwiki-platform-wiki-ui/xwiki-platform-wiki-ui-mainwiki/src/main/resources/XWiki/XWikiServerClassSheet.xml,XWikiServerClassSheet.xml,244,210,19,15,0,9106,182
Java,xwiki-platform-core/xwiki-platform-url/xwiki-platform-url-default/src/main/java/org/xwiki/url/internal/XWikiServerClassListener.java,XWikiServerClassListener.java,84,41,33,10,1,2811,67
Java,xwiki-platform-core/xwiki-platform-oldcore/src/main/java/com/xpn/xwiki/store/XWikiRecycleBinStoreInterface.java,XWikiRecycleBinStoreInterface.java,235,61,158,16,0,10723,114
Java,xwiki-platform-core/xwiki-platform-oldcore/src/test/java/com/xpn/xwiki/XWikiMockitoTest.java,XWikiMockitoTest.java,662,475,58,129,8,30937,421
Java,xwiki-platform-core/xwiki-platform-oldcore/src/main/java/com/xpn/xwiki/store/XWikiHibernateStore.java,XWikiHibernateStore.java,3310,2489,414,407,463,142327,1670
Java,xwiki-platform-core/xwiki-platform-oldcore/src/main/java/com/xpn/xwiki/store/XWikiHibernateRecycleBinStore.java,XWikiHibernateRecycleBinStore.java,433,293,63,77,21,16083,227
Java,xwiki-platform-core/xwiki-platform-rest/xwiki-platform-rest-server/src/main/java/org/xwiki/rest/internal/XWikiFilter.java,XWikiFilter.java,85,43,35,7,2,3443,74
Java,xwiki-platform-core/xwiki-platform-oldcore/src/test/java/com/xpn/xwiki/doc/XWikiDocumentTest.java,XWikiDocumentTest.java,852,644,57,151,0,39196,461
Java,xwiki-platform-core/xwiki-platform-oldcore/src/test/java/com/xpn/xwiki/doc/XWikiDocumentRenderingTest.java,XWikiDocumentRenderingTest.java,423,272,62,89,0,20718,244
Java,xwiki-platform-core/xwiki-platform-oldcore/src/main/java/com/xpn/xwiki/internal/filter/output/XWikiDocumentOutputFilterStream.java,XWikiDocumentOutputFilterStream.java,472,337,45,90,48,17606,275
Java,xwiki-platform-core/xwiki-platform-oldcore/src/test/java/com/xpn/xwiki/doc/XWikiDocumentMockitoTest.java,XWikiDocumentMockitoTest.java,1805,1268,225,312,30,81046,934
Java,xwiki-platform-core/xwiki-platform-oldcore/src/main/java/com/xpn/xwiki/doc/XWikiDocument.java,XWikiDocument.java,9536,7434,1480,622,573,362025,4423
Java,xwiki-platform-core/xwiki-platform-oldcore/src/main/java/com/xpn/xwiki/doc/XWikiDeletedDocument.java,XWikiDeletedDocument.java,397,177,174,46,8,11563,193
Java,xwiki-platform-core/xwiki-platform-oldcore/src/main/java/com/xpn/xwiki/XWikiContext.java,XWikiContext.java,1039,614,264,161,87,30730,499
Java,xwiki-platform-core/xwiki-platform-oldcore/src/main/java/com/xpn/xwiki/internal/mandatory/XWikiCommentsDocumentInitializer.java,XWikiCommentsDocumentInitializer.java,97,35,50,12,0,3348,65
Java,xwiki-platform-core/xwiki-platform-security/xwiki-platform-security-authorization/xwiki-platform-security-authorization-bridge/src/main/java/org/xwiki/security/authorization/internal/XWikiCachingRightService.java,XWikiCachingRightService.java,362,228,93,41,36,15026,258
Java,xwiki-platform-core/xwiki-platform-oldcore/src/main/java/com/xpn/xwiki/web/XWikiAction.java,XWikiAction.java,1221,742,327,152,143,54888,774
Java,xwiki-platform-core/xwiki-platform-oldcore/src/main/java/com/xpn/xwiki/api/XWiki.java,XWiki.java,3057,1215,1582,260,123,126568,1334
Java,xwiki-platform-core/xwiki-platform-oldcore/src/main/java/com/xpn/xwiki/XWiki.java,XWiki.java,8147,5288,1741,1118,888,326480,4061
Java,xwiki-platform-core/xwiki-platform-web/xwiki-platform-web-templates/src/test/java/org/xwiki/web/XPartPageTest.java,XPartPageTest.java,67,33,26,8,0,2264,50
Java,xwiki-platform-core/xwiki-platform-office/xwiki-platform-office-importer/src/main/java/org/xwiki/officeimporter/document/XHTMLOfficeDocument.java,XHTMLOfficeDocument.java,98,48,39,11,2,2870,66
Java,xwiki-platform-core/xwiki-platform-office/xwiki-platform-office-importer/src/test/java/org/xwiki/officeimporter/document/XDOMOfficeDocumentTest.java,XDOMOfficeDocumentTest.java,84,36,38,10,0,3348,62
Java,xwiki-platform-core/xwiki-platform-office/xwiki-platform-office-importer/src/main/java/org/xwiki/officeimporter/document/XDOMOfficeDocument.java,XDOMOfficeDocument.java,194,106,72,16,10,6288,126
Java,xwiki-platform-core/xwiki-platform-appwithinminutes/xwiki-platform-appwithinminutes-test/xwiki-platform-appwithinminutes-test-docker/src/test/it/org/xwiki/appwithinminutes/test/ui/WizardIT.java,WizardIT.java,359,199,97,63,0,16246,255
XML,xwiki-platform-core/xwiki-platform-wiki/xwiki-platform-wiki-ui/xwiki-platform-wiki-ui-mainwiki/src/main/resources/WikiManager/WikisLiveTableResultsMacros.xml,WikisLiveTableResultsMacros.xml,443,419,19,5,0,22304,347
Java,xwiki-platform-core/xwiki-platform-uiextension/xwiki-platform-uiextension-api/src/test/java/org/xwiki/uiextension/WikiUIExtensionParametersTest.java,WikiUIExtensionParametersTest.java,213,148,33,32,0,9260,125
Java,xwiki-platform-core/xwiki-platform-uiextension/xwiki-platform-uiextension-api/src/main/java/org/xwiki/uiextension/internal/WikiUIExtensionParameters.java,WikiUIExtensionParameters.java,200,105,73,22,9,7876,145
Java,xwiki-platform-core/xwiki-platform-uiextension/xwiki-platform-uiextension-api/src/test/java/org/xwiki/uiextension/WikiUIExtensionComponentBuilderTest.java,WikiUIExtensionComponentBuilderTest.java,202,147,22,33,0,9225,147
Java,xwiki-platform-core/xwiki-platform-uiextension/xwiki-platform-uiextension-api/src/main/java/org/xwiki/uiextension/internal/WikiUIExtensionComponentBuilder.java,WikiUIExtensionComponentBuilder.java,157,83,51,23,8,6365,114
Java,xwiki-platform-core/xwiki-platform-flamingo/xwiki-platform-flamingo-theme/xwiki-platform-flamingo-theme-ui/src/test/java/org/xwiki/flamingo/WebHomeSheetPageTest.java,WebHomeSheetPageTest.java,90,56,27,7,0,3835,80
XML,xwiki-platform-core/xwiki-platform-flamingo/xwiki-platform-flamingo-theme/xwiki-platform-flamingo-theme-ui/src/main/resources/FlamingoThemesCode/WebHomeSheet.xml,WebHomeSheet.xml,630,560,19,51,0,20554,428
XML,xwiki-platform-core/xwiki-platform-scheduler/xwiki-platform-scheduler-ui/src/main/resources/Scheduler/WebHome.xml,WebHome.xml,211,170,19,22,0,8612,144
XML,xwiki-platform-core/xwiki-platform-flamingo/xwiki-platform-flamingo-theme/xwiki-platform-flamingo-theme-ui/src/main/resources/FlamingoThemesCode/WebHome.xml,WebHome.xml,42,21,19,2,0,1632,39
XML,xwiki-platform-core/xwiki-platform-filter/xwiki-platform-filter-ui/src/main/resources/Filter/WebHome.xml,WebHome.xml,342,309,19,14,0,11745,236
Java,xwiki-platform-core/xwiki-platform-flamingo/xwiki-platform-flamingo-skin/xwiki-platform-flamingo-skin-test/xwiki-platform-flamingo-skin-test-docker/src/test/it/org/xwiki/flamingo/test/docker/VersionIT.java,VersionIT.java,233,125,63,45,0,10046,139
Java,xwiki-platform-core/xwiki-platform-icon/xwiki-platform-icon-default/src/test/java/org/xwiki/icon/internal/VelocityRendererTest.java,VelocityRendererTest.java,137,85,35,17,0,4960,93
Java,xwiki-platform-core/xwiki-platform-icon/xwiki-platform-icon-default/src/main/java/org/xwiki/icon/internal/VelocityRenderer.java,VelocityRenderer.java,98,44,43,11,4,3847,82
XML,xwiki-platform-core/xwiki-platform-ckeditor/xwiki-platform-ckeditor-ui/src/main/resources/CKEditor/VelocityMacros.xml,VelocityMacros.xml,298,263,19,16,0,15001,237
XML,xwiki-platform-core/xwiki-platform-vfs/xwiki-platform-vfs-ui/src/main/resources/Macros/VFSTreeMacro.xml,VFSTreeMacro.xml,367,346,19,2,0,12668,208
XML,xwiki-platform-core/xwiki-platform-user/xwiki-platform-user-directory/xwiki-platform-user-directory-ui/src/main/resources/XWiki/UserDirectoryMacros.xml,UserDirectoryMacros.xml,511,473,19,19,0,21167,414
Java,xwiki-platform-core/xwiki-platform-oldcore/src/main/java/com/xpn/xwiki/api/User.java,User.java,207,100,89,18,10,7945,145
Java,xwiki-platform-core/xwiki-platform-oldcore/src/test/java/com/xpn/xwiki/web/UndeleteActionTest.java,UndeleteActionTest.java,299,170,65,64,0,11328,157
Java,xwiki-platform-core/xwiki-platform-url/xwiki-platform-url-default/src/main/java/org/xwiki/url/internal/URLSymbolScheme.java,URLSymbolScheme.java,52,17,31,4,0,1822,45
Java,xwiki-platform-core/xwiki-platform-url/xwiki-platform-url-default/src/test/java/org/xwiki/url/internal/URLStringEntityReferenceSerializerTest.java,URLStringEntityReferenceSerializerTest.java,58,26,25,7,0,2002,48
Java,xwiki-platform-core/xwiki-platform-url/xwiki-platform-url-default/src/main/java/org/xwiki/url/internal/URLStringEntityReferenceSerializer.java,URLStringEntityReferenceSerializer.java,53,21,28,4,0,1948,46
Java,xwiki-platform-core/xwiki-platform-url/xwiki-platform-url-default/src/test/java/org/xwiki/url/internal/URLStringEntityReferenceResolverTest.java,URLStringEntityReferenceResolverTest.java,63,29,25,9,0,2103,51
Java,xwiki-platform-core/xwiki-platform-url/xwiki-platform-url-default/src/main/java/org/xwiki/url/internal/URLStringEntityReferenceResolver.java,URLStringEntityReferenceResolver.java,53,21,28,4,0,1938,46
Java,xwiki-platform-core/xwiki-platform-url/xwiki-platform-url-api/src/main/java/org/xwiki/url/URLSecurityManager.java,URLSecurityManager.java,56,11,41,4,0,2435,47
Java,xwiki-platform-core/xwiki-platform-url/xwiki-platform-url-default/src/test/java/org/xwiki/url/internal/URLExecutionContextInitializerTest.java,URLExecutionContextInitializerTest.java,67,33,25,9,0,2271,50
Java,xwiki-platform-core/xwiki-platform-url/xwiki-platform-url-default/src/main/java/org/xwiki/url/internal/URLExecutionContextInitializer.java,URLExecutionContextInitializer.java,59,27,28,4,1,2088,52
Java,xwiki-platform-core/xwiki-platform-url/xwiki-platform-url-api/src/main/java/org/xwiki/url/URLConfiguration.java,URLConfiguration.java,80,24,50,6,0,2879,57
XML,xwiki-platform-core/xwiki-platform-menu/xwiki-platform-menu-ui/src/main/resources/Menu/UIExtensionSheet.xml,UIExtensionSheet.xml,227,205,19,3,0,9191,182
XML,xwiki-platform-core/xwiki-platform-appwithinminutes/xwiki-platform-appwithinminutes-ui/src/main/resources/AppWithinMinutes/Translations.xml,Translations.xml,309,267,19,23,0,20130,285
Java,xwiki-platform-core/xwiki-platform-oldcore/src/main/java/com/xpn/xwiki/objects/classes/TextAreaClass.java,TextAreaClass.java,465,283,120,62,56,15183,264
Java,xwiki-platform-core/xwiki-platform-test/xwiki-platform-test-ui/src/main/java/org/xwiki/test/ui/TestUtils.java,TestUtils.java,3120,1906,766,448,213,105547,1407
Java,xwiki-platform-core/xwiki-platform-store/xwiki-platform-store-filesystem-oldcore/src/main/java/org/xwiki/store/script/TemporaryAttachmentsScriptService.java,TemporaryAttachmentsScriptService.java,90,47,35,8,2,3397,77
XML,xwiki-platform-core/xwiki-platform-administration/xwiki-platform-administration-ui/src/main/resources/XWiki/TemplateProviderMacros.xml,TemplateProviderMacros.xml,441,403,19,19,0,14830,270
Java,xwiki-platform-core/xwiki-platform-index/xwiki-platform-index-api/src/test/java/org/xwiki/index/internal/TasksStoreTest.java,TasksStoreTest.java,208,151,25,32,0,7606,129
Java,xwiki-platform-core/xwiki-platform-index/xwiki-platform-index-api/src/main/java/org/xwiki/index/internal/TasksStore.java,TasksStore.java,195,108,71,16,2,7398,126
Java,xwiki-platform-core/xwiki-platform-index/xwiki-platform-index-api/src/test/java/org/xwiki/index/internal/TaskExecutorTest.java,TaskExecutorTest.java,126,77,25,24,0,4245,90
Java,xwiki-platform-core/xwiki-platform-index/xwiki-platform-index-api/src/main/java/org/xwiki/index/internal/TaskExecutor.java,TaskExecutor.java,105,63,31,11,2,3944,84
Java,xwiki-platform-core/xwiki-platform-index/xwiki-platform-index-api/src/test/java/org/xwiki/index/TaskConsumerScriptServiceTest.java,TaskConsumerScriptServiceTest.java,73,37,25,11,0,2291,56
Java,xwiki-platform-core/xwiki-platform-index/xwiki-platform-index-api/src/main/java/org/xwiki/index/TaskConsumerScriptService.java,TaskConsumerScriptService.java,60,25,28,7,0,1871,49
Java,xwiki-platform-core/xwiki-platform-index/xwiki-platform-index-api/src/main/java/org/xwiki/index/internal/TaskApplicationReadyListener.java,TaskApplicationReadyListener.java,84,42,34,8,4,3218,65
XML,xwiki-platform-core/xwiki-platform-tag/xwiki-platform-tag-ui/src/main/resources/Main/Tags.xml,Tags.xml,332,300,19,13,0,11652,235
Java,xwiki-platform-core/xwiki-platform-oldcore/src/main/java/com/xpn/xwiki/objects/classes/StringClass.java,StringClass.java,136,97,19,20,6,4190,89
Java,xwiki-platform-core/xwiki-platform-search/xwiki-platform-search-solr/xwiki-platform-search-solr-test-utils/src/main/java/org/xwiki/repository/test/SolrTestUtils.java,SolrTestUtils.java,87,48,27,12,5,2831,63
XML,xwiki-platform-core/xwiki-platform-search/xwiki-platform-search-solr/xwiki-platform-search-solr-ui/src/main/resources/Main/SolrSpaceFacet.xml,SolrSpaceFacet.xml,216,194,19,3,0,7493,169
Java,xwiki-platform-core/xwiki-platform-search/xwiki-platform-search-solr/xwiki-platform-search-solr-query/src/test/java/org/xwiki/query/solr/SolrQueryExecutorTest.java,SolrQueryExecutorTest.java,231,150,30,51,0,10240,165
Java,xwiki-platform-core/xwiki-platform-search/xwiki-platform-search-solr/xwiki-platform-search-solr-query/src/main/java/org/xwiki/query/solr/internal/SolrQueryExecutor.java,SolrQueryExecutor.java,279,154,86,39,22,10729,189
Java,xwiki-platform-core/xwiki-platform-search/xwiki-platform-search-solr/xwiki-platform-search-solr-api/src/test/java/org/xwiki/search/solr/internal/SolrIndexEventListenerTest.java,SolrIndexEventListenerTest.java,110,68,24,18,0,4465,80
Java,xwiki-platform-core/xwiki-platform-search/xwiki-platform-search-solr/xwiki-platform-search-solr-api/src/main/java/org/xwiki/search/solr/internal/SolrIndexEventListener.java,SolrIndexEventListener.java,210,126,62,22,26,10115,155
Java,xwiki-platform-core/xwiki-platform-oldcore/src/main/java/com/xpn/xwiki/web/SkinAction.java,SkinAction.java,546,296,184,66,47,24112,345
XML,xwiki-platform-core/xwiki-platform-export/xwiki-platform-export-pdf/xwiki-platform-export-pdf-ui/src/main/resources/XWiki/PDFExport/Sheet.xml,Sheet.xml,665,624,19,22,0,22793,379
XML,xwiki-platform-core/xwiki-platform-search/xwiki-platform-search-ui/src/main/resources/XWiki/SearchSuggestSourceSheet.xml,SearchSuggestSourceSheet.xml,79,57,19,3,0,3018,71
XML,xwiki-platform-core/xwiki-platform-search/xwiki-platform-search-ui/src/main/resources/XWiki/SearchSuggestConfigSheet.xml,SearchSuggestConfigSheet.xml,533,507,19,7,0,19064,361
XML,xwiki-platform-core/xwiki-platform-search/xwiki-platform-search-ui/src/main/resources/XWiki/SearchAdmin.xml,SearchAdmin.xml,363,338,19,6,0,20305,228
Java,xwiki-platform-core/xwiki-platform-scheduler/xwiki-platform-scheduler-test/xwiki-platform-scheduler-test-tests/src/test/java/org/xwiki/scheduler/test/ui/SchedulerIT.java,SchedulerIT.java,127,72,41,14,5,5676,101
Java,xwiki-platform-core/xwiki-platform-oldcore/src/test/java/com/xpn/xwiki/web/SaveActionTest.java,SaveActionTest.java,335,253,28,54,0,15226,225
Java,xwiki-platform-core/xwiki-platform-oldcore/src/main/java/com/xpn/xwiki/web/SaveAction.java,SaveAction.java,626,388,157,81,92,30126,447
Java,xwiki-platform-core/xwiki-platform-rendering/xwiki-platform-rendering-macros/xwiki-platform-rendering-macro-rss/src/main/java/org/xwiki/rendering/internal/macro/rss/RssMacro.java,RssMacro.java,325,179,103,43,19,11650,203
Java,xwiki-platform-core/xwiki-platform-oldcore/src/main/java/com/xpn/xwiki/web/RollbackAction.java,RollbackAction.java,95,55,26,14,6,3133,72
Java,xwiki-platform-core/xwiki-platform-security/xwiki-platform-security-authentication/xwiki-platform-security-authentication-api/src/main/java/org/xwiki/security/authentication/ResetPasswordRequestResponse.java,ResetPasswordRequestResponse.java,43,9,31,3,0,1496,35
Java,xwiki-platform-core/xwiki-platform-administration/xwiki-platform-administration-test/xwiki-platform-administration-test-pageobjects/src/main/java/org/xwiki/administration/test/po/ResetPasswordPage.java,ResetPasswordPage.java,102,53,35,14,1,3245,67
Java,xwiki-platform-core/xwiki-platform-administration/xwiki-platform-administration-test/xwiki-platform-administration-test-docker/src/test/it/org/xwiki/administration/test/ui/ResetPasswordIT.java,ResetPasswordIT.java,256,167,51,38,16,10328,186
Java,xwiki-platform-core/xwiki-platform-rendering/xwiki-platform-rendering-xwiki/src/test/java/org/xwiki/rendering/script/RenderingScriptServiceTest.java,RenderingScriptServiceTest.java,315,236,34,45,0,12543,188
Java,xwiki-platform-core/xwiki-platform-rendering/xwiki-platform-rendering-xwiki/src/main/java/org/xwiki/rendering/script/RenderingScriptService.java,RenderingScriptService.java,344,192,120,32,13,12008,210
Java,xwiki-platform-core/xwiki-platform-url/xwiki-platform-url-api/src/test/java/org/xwiki/url/internal/RelativeExtendedURLTest.java,RelativeExtendedURLTest.java,42,13,25,4,0,1392,35
Java,xwiki-platform-core/xwiki-platform-url/xwiki-platform-url-api/src/main/java/org/xwiki/url/internal/RelativeExtendedURL.java,RelativeExtendedURL.java,77,27,44,6,0,2582,55
Java,xwiki-platform-core/xwiki-platform-test/xwiki-platform-test-ui/src/main/java/org/xwiki/test/ui/po/RegistrationPage.java,RegistrationPage.java,50,18,28,4,0,1681,42
XML,xwiki-platform-core/xwiki-platform-administration/xwiki-platform-administration-ui/src/main/resources/XWiki/RegistrationConfig.xml,RegistrationConfig.xml,568,547,19,2,0,19281,250
Java,xwiki-platform-core/xwiki-platform-administration/xwiki-platform-administration-test/xwiki-platform-administration-test-docker/src/test/it/org/xwiki/administration/test/ui/RegisterIT.java,RegisterIT.java,299,194,79,26,10,12982,193
Java,xwiki-platform-core/xwiki-platform-oldcore/src/main/java/com/xpn/xwiki/web/RegisterAction.java,RegisterAction.java,159,95,44,20,16,6068,119
Java,xwiki-platform-core/xwiki-platform-attachment/xwiki-platform-attachment-api/src/test/java/org/xwiki/attachment/RefactoringMacrosPageTest.java,RefactoringMacrosPageTest.java,122,82,29,11,0,5181,99
Java,xwiki-platform-core/xwiki-platform-crypto/xwiki-platform-crypto-script/src/main/java/org/xwiki/crypto/script/RSACryptoScriptService.java,RSACryptoScriptService.java,551,274,235,42,35,24786,288
Java,xwiki-platform-core/xwiki-platform-index/xwiki-platform-index-api/src/test/java/org/xwiki/index/migration/R140300001XWIKI19571DataMigrationTest.java,R140300001XWIKI19571DataMigrationTest.java,230,176,26,28,0,9538,154
Java,xwiki-platform-core/xwiki-platform-index/xwiki-platform-index-api/src/main/java/org/xwiki/index/migration/R140300001XWIKI19571DataMigration.java,R140300001XWIKI19571DataMigration.java,189,121,49,19,5,8079,143
Java,xwiki-platform-core/xwiki-platform-index/xwiki-platform-index-api/src/test/java/org/xwiki/index/migration/R140300000XWIKI19614DataMigrationTest.java,R140300000XWIKI19614DataMigrationTest.java,129,81,25,23,0,4297,87
Java,xwiki-platform-core/xwiki-platform-index/xwiki-platform-index-api/src/main/java/org/xwiki/index/migration/R140300000XWIKI19614DataMigration.java,R140300000XWIKI19614DataMigration.java,128,79,33,16,2,3957,87
Java,xwiki-platform-core/xwiki-platform-oldcore/src/test/java/com/xpn/xwiki/pdf/impl/PdfExportImplTest.java,PdfExportImplTest.java,138,88,38,12,0,6622,109
Java,xwiki-platform-core/xwiki-platform-oldcore/src/main/java/com/xpn/xwiki/pdf/impl/PdfExportImpl.java,PdfExportImpl.java,506,273,187,46,21,22181,338
Java,xwiki-platform-core/xwiki-platform-url/xwiki-platform-url-api/src/main/java/org/xwiki/url/internal/ParentResourceReference.java,ParentResourceReference.java,97,42,42,13,0,2761,68
XML,xwiki-platform-core/xwiki-platform-panels/xwiki-platform-panels-ui/src/main/resources/Panels/PanelWizard.xml,PanelWizard.xml,735,680,19,36,0,32583,461
Java,xwiki-platform-core/xwiki-platform-rest/xwiki-platform-rest-server/src/main/java/org/xwiki/rest/internal/resources/pages/PageTranslationHistoryResourceImpl.java,PageTranslationHistoryResourceImpl.java,89,54,22,13,1,3898,75
Java,xwiki-platform-core/xwiki-platform-administration/xwiki-platform-administration-test/xwiki-platform-administration-test-docker/src/test/it/org/xwiki/administration/test/ui/PageTemplatesIT.java,PageTemplatesIT.java,391,234,107,50,1,20055,284
Java,xwiki-platform-core/xwiki-platform-rest/xwiki-platform-rest-test/xwiki-platform-rest-test-tests/src/test/it/org/xwiki/rest/test/PageResourceIT.java,PageResourceIT.java,600,425,45,130,12,26440,306
Java,xwiki-platform-core/xwiki-platform-rest/xwiki-platform-rest-server/src/main/java/org/xwiki/rest/internal/resources/pages/PageHistoryResourceImpl.java,PageHistoryResourceImpl.java,89,53,23,13,1,3871,74
Java,xwiki-platform-core/xwiki-platform-office/xwiki-platform-office-importer/src/test/java/org/xwiki/officeimporter/script/OfficeImporterScriptServiceTest.java,OfficeImporterScriptServiceTest.java,116,73,27,16,0,5073,91
Java,xwiki-platform-core/xwiki-platform-office/xwiki-platform-office-test/xwiki-platform-office-test-docker/src/test/it/org/xwiki/officeimporter/test/ui/OfficeImporterIT.java,OfficeImporterIT.java,314,206,77,31,2,14139,213
Java,xwiki-platform-core/xwiki-platform-office/xwiki-platform-office-importer/src/main/java/org/xwiki/officeimporter/document/OfficeDocument.java,OfficeDocument.java,85,27,51,7,0,2812,63
Java,xwiki-platform-core/xwiki-platform-office/xwiki-platform-office-importer/src/main/java/org/xwiki/officeimporter/internal/converter/OfficeConverterFileStorage.java,OfficeConverterFileStorage.java,160,63,79,18,7,4928,100
Java,xwiki-platform-core/xwiki-platform-wysiwyg/xwiki-platform-wysiwyg-api/src/test/java/org/xwiki/wysiwyg/internal/importer/OfficeAttachmentImporterTest.java,OfficeAttachmentImporterTest.java,188,131,25,32,0,7970,111
Java,xwiki-platform-core/xwiki-platform-wysiwyg/xwiki-platform-wysiwyg-api/src/main/java/org/xwiki/wysiwyg/internal/importer/OfficeAttachmentImporter.java,OfficeAttachmentImporter.java,193,124,51,18,21,8057,137
Java,xwiki-platform-core/xwiki-platform-rest/xwiki-platform-rest-test/xwiki-platform-rest-test-tests/src/test/it/org/xwiki/rest/test/ObjectsResourceIT.java,ObjectsResourceIT.java,634,446,25,163,17,29063,245
Java,xwiki-platform-core/xwiki-platform-search/xwiki-platform-search-solr/xwiki-platform-search-solr-api/src/main/java/org/xwiki/search/solr/internal/metadata/ObjectPropertySolrMetadataExtractor.java,ObjectPropertySolrMetadataExtractor.java,118,55,46,17,3,4805,94
Java,xwiki-platform-core/xwiki-platform-oldcore/src/main/java/com/xpn/xwiki/api/Object.java,Object.java,162,88,56,18,8,5668,98
XML,xwiki-platform-core/xwiki-platform-notifications/xwiki-platform-notifications-ui/src/main/resources/XWiki/Notifications/Code/NotificationsSystemFiltersPreferencesMacro.xml,NotificationsSystemFiltersPreferencesMacro.xml,1082,1050,19,13,0,39022,432
XML,xwiki-platform-core/xwiki-platform-notifications/xwiki-platform-notifications-ui/src/main/resources/XWiki/Notifications/Code/NotificationsFiltersPreferencesMacro.xml,NotificationsFiltersPreferencesMacro.xml,1299,1253,19,27,0,50948,570
XML,xwiki-platform-core/xwiki-platform-notifications/xwiki-platform-notifications-ui/src/main/resources/XWiki/Notifications/Code/NotificationsEmailPreferencesMacro.xml,NotificationsEmailPreferencesMacro.xml,689,665,19,5,0,26811,345
XML,xwiki-platform-core/xwiki-platform-notifications/xwiki-platform-notifications-ui/src/main/resources/XWiki/Notifications/Code/NotificationsCustomFiltersPreferencesMacro.xml,NotificationsCustomFiltersPreferencesMacro.xml,1403,1353,19,31,0,54185,595
XML,xwiki-platform-core/xwiki-platform-notifications/xwiki-platform-notifications-ui/src/main/resources/XWiki/Notifications/Code/NotificationsAutoWatchPreferencesMacro.xml,NotificationsAutoWatchPreferencesMacro.xml,619,598,19,2,0,22900,304
XML,xwiki-platform-core/xwiki-platform-notifications/xwiki-platform-notifications-ui/src/main/resources/XWiki/Notifications/Code/NotificationsApplicationsPreferencesMacro.xml,NotificationsApplicationsPreferencesMacro.xml,1280,1234,19,27,0,44459,551
XML,xwiki-platform-core/xwiki-platform-notifications/xwiki-platform-notifications-ui/src/main/resources/XWiki/Notifications/Code/NotificationRSSService.xml,NotificationRSSService.xml,51,30,19,2,0,1867,47
XML,xwiki-platform-core/xwiki-platform-notifications/xwiki-platform-notifications-ui/src/main/resources/XWiki/Notifications/Code/NotificationPreferenceService.xml,NotificationPreferenceService.xml,164,143,19,2,0,7476,111
XML,xwiki-platform-core/xwiki-platform-notifications/xwiki-platform-notifications-ui/src/main/resources/XWiki/Notifications/Code/NotificationFilterPreferenceLivetableResults.xml,NotificationFilterPreferenceLivetableResults.xml,234,208,19,7,0,10613,191
Java,xwiki-platform-core/xwiki-platform-oldcore/src/main/java/com/xpn/xwiki/user/impl/xwiki/MyFormAuthenticator.java,MyFormAuthenticator.java,313,201,73,39,58,13484,205
Java,xwiki-platform-core/xwiki-platform-attachment/xwiki-platform-attachment-api/src/test/java/org/xwiki/attachment/MoveStep1PageTest.java,MoveStep1PageTest.java,93,55,25,13,0,4018,75
Java,xwiki-platform-core/xwiki-platform-attachment/xwiki-platform-attachment-api/src/test/java/org/xwiki/attachment/MoveStatusPagesTest.java,MoveStatusPagesTest.java,145,104,25,16,0,6167,113
Java,xwiki-platform-core/xwiki-platform-attachment/xwiki-platform-attachment-api/src/test/java/org/xwiki/attachment/MovePageTest.java,MovePageTest.java,199,150,28,21,0,9637,134
Java,xwiki-platform-core/xwiki-platform-attachment/xwiki-platform-attachment-api/src/test/java/org/xwiki/attachment/internal/refactoring/job/MoveAttachmentJobTest.java,MoveAttachmentJobTest.java,285,211,34,40,0,14214,181
Java,xwiki-platform-core/xwiki-platform-attachment/xwiki-platform-attachment-api/src/main/java/org/xwiki/attachment/internal/refactoring/job/MoveAttachmentJob.java,MoveAttachmentJob.java,231,155,49,27,5,10802,175
Java,xwiki-platform-core/xwiki-platform-rest/xwiki-platform-rest-server/src/test/java/org/xwiki/rest/internal/resources/ModificationsResourceImplTest.java,ModificationsResourceImplTest.java,205,155,27,23,0,8819,167
Java,xwiki-platform-core/xwiki-platform-rest/xwiki-platform-rest-server/src/main/java/org/xwiki/rest/internal/resources/ModificationsResourceImpl.java,ModificationsResourceImpl.java,109,72,22,15,3,4639,91
Java,xwiki-platform-core/xwiki-platform-rest/xwiki-platform-rest-server/src/test/java/org/xwiki/rest/internal/ModelFactoryTest.java,ModelFactoryTest.java,405,305,25,75,1,17704,275
Java,xwiki-platform-core/xwiki-platform-rest/xwiki-platform-rest-server/src/main/java/org/xwiki/rest/internal/ModelFactory.java,ModelFactory.java,1249,975,89,185,140,54381,823
Java,xwiki-platform-core/xwiki-platform-oldcore/src/test/java/com/xpn/xwiki/test/MockitoOldcore.java,MockitoOldcore.java,1199,876,135,188,93,51888,700
XML,xwiki-platform-core/xwiki-platform-menu/xwiki-platform-menu-ui/src/main/resources/Menu/MenuMacro.xml,MenuMacro.xml,1385,1319,19,47,0,42991,667
XML,xwiki-platform-core/xwiki-platform-mentions/xwiki-platform-mentions-ui/src/main/resources/XWiki/Mentions/MentionsMacro.xml,MentionsMacro.xml,966,935,19,12,0,32178,385
Java,xwiki-platform-core/xwiki-platform-mail/xwiki-platform-mail-send/xwiki-platform-mail-send-default/src/test/java/org/xwiki/mail/internal/MailConfigMandatoryDocumentInitializerTest.java,MailConfigMandatoryDocumentInitializerTest.java,85,50,24,11,0,3352,70
Java,xwiki-platform-core/xwiki-platform-mail/xwiki-platform-mail-send/xwiki-platform-mail-send-default/src/main/java/org/xwiki/mail/internal/MailConfigMandatoryDocumentInitializer.java,MailConfigMandatoryDocumentInitializer.java,211,145,38,28,18,8009,137
XML,xwiki-platform-core/xwiki-platform-annotation/xwiki-platform-annotation-ui/src/main/resources/AnnotationCode/Macros.xml,Macros.xml,353,332,19,2,0,15148,219
Java,xwiki-platform-core/xwiki-platform-oldcore/src/main/java/com/xpn/xwiki/web/LoginSubmitAction.java,LoginSubmitAction.java,68,33,28,7,2,2569,54
Java,xwiki-platform-core/xwiki-platform-oldcore/src/main/java/com/xpn/xwiki/web/LoginErrorAction.java,LoginErrorAction.java,59,27,25,7,1,2022,46
Java,xwiki-platform-core/xwiki-platform-oldcore/src/main/java/com/xpn/xwiki/web/LoginAction.java,LoginAction.java,72,34,30,8,2,2433,55
JavaScript,xwiki-platform-core/xwiki-platform-livedata/xwiki-platform-livedata-webjar/src/main/webjar/Logic.js,Logic.js,1535,779,545,211,118,50434,853
XML,xwiki-platform-core/xwiki-platform-logging/xwiki-platform-logging-ui/src/main/resources/XWiki/LoggingAdmin.xml,LoggingAdmin.xml,346,323,19,4,0,10850,210
Java,xwiki-platform-core/xwiki-platform-test/xwiki-platform-test-page/src/main/java/org/xwiki/test/page/LocalizationSetup.java,LocalizationSetup.java,85,34,45,6,0,3712,75
Java,xwiki-platform-core/xwiki-platform-livetable/xwiki-platform-livetable-ui/src/test/java/org/xwiki/livetable/LiveTableResultsTest.java,LiveTableResultsTest.java,622,468,64,90,2,26283,336
XML,xwiki-platform-core/xwiki-platform-livetable/xwiki-platform-livetable-ui/src/main/resources/XWiki/LiveTableResultsMacros.xml,LiveTableResultsMacros.xml,1105,1028,19,58,0,49218,721
XML,xwiki-platform-core/xwiki-platform-appwithinminutes/xwiki-platform-appwithinminutes-ui/src/main/resources/AppWithinMinutes/LiveTableEditSheet.xml,LiveTableEditSheet.xml,933,898,19,16,0,33991,593
Java,xwiki-platform-core/xwiki-platform-livedata/xwiki-platform-livedata-macro/src/test/java/org/xwiki/livedata/internal/macro/LiveDataMacroTest.java,LiveDataMacroTest.java,233,185,25,23,0,10428,170
Java,xwiki-platform-core/xwiki-platform-livedata/xwiki-platform-livedata-macro/src/test/java/org/xwiki/livedata/internal/macro/LiveDataMacroComponentList.java,LiveDataMacroComponentList.java,57,26,27,4,0,2095,50
Java,xwiki-platform-core/xwiki-platform-livedata/xwiki-platform-livedata-macro/src/main/java/org/xwiki/livedata/internal/macro/LiveDataMacro.java,LiveDataMacro.java,293,219,46,28,25,11361,205
Java,xwiki-platform-core/xwiki-platform-index/xwiki-platform-index-api/src/test/java/org/xwiki/index/internal/listener/LinksUpdateListenerTest.java,LinksUpdateListenerTest.java,108,69,25,14,0,3794,77
Java,xwiki-platform-core/xwiki-platform-index/xwiki-platform-index-api/src/main/java/org/xwiki/index/internal/listener/LinksUpdateListener.java,LinksUpdateListener.java,88,47,31,10,2,3254,70
XML,xwiki-platform-core/xwiki-platform-legacy/xwiki-platform-legacy-events-hibernate/xwiki-platform-legacy-events-hibernate-ui/src/main/resources/XWiki/Notifications/Code/LegacyNotificationAdministration.xml,LegacyNotificationAdministration.xml,343,316,19,8,0,11541,204
XML,xwiki-platform-core/xwiki-platform-wiki/xwiki-platform-wiki-ui/xwiki-platform-wiki-ui-mainwiki/src/main/resources/WikiManager/JoinWiki.xml,JoinWiki.xml,323,291,19,13,0,16376,245
Java,xwiki-platform-core/xwiki-platform-index/xwiki-platform-index-api/src/main/java/org/xwiki/index/internal/jmx/JMXTasksMBean.java,JMXTasksMBean.java,42,7,32,3,0,1370,34
Java,xwiki-platform-core/xwiki-platform-index/xwiki-platform-index-api/src/main/java/org/xwiki/index/internal/jmx/JMXTasks.java,JMXTasks.java,61,24,31,6,0,1981,47
XML,xwiki-platform-core/xwiki-platform-invitation/xwiki-platform-invitation-ui/src/main/resources/Invitation/InvitationMembersCommon.xml,InvitationMembersCommon.xml,442,409,19,14,0,19612,323
XML,xwiki-platform-core/xwiki-platform-invitation/xwiki-platform-invitation-ui/src/main/resources/Invitation/InvitationMemberActions.xml,InvitationMemberActions.xml,627,587,19,21,0,26244,427
XML,xwiki-platform-core/xwiki-platform-invitation/xwiki-platform-invitation-ui/src/main/resources/Invitation/InvitationMailClass.xml,InvitationMailClass.xml,167,146,19,2,0,5524,125
XML,xwiki-platform-core/xwiki-platform-invitation/xwiki-platform-invitation-ui/src/main/resources/Invitation/InvitationGuestActions.xml,InvitationGuestActions.xml,323,299,19,5,0,13989,244
XML,xwiki-platform-core/xwiki-platform-invitation/xwiki-platform-invitation-ui/src/main/resources/Invitation/InvitationConfig.xml,InvitationConfig.xml,966,943,19,4,0,42991,341
XML,xwiki-platform-core/xwiki-platform-invitation/xwiki-platform-invitation-ui/src/main/resources/Invitation/InvitationCommon.xml,InvitationCommon.xml,1097,1062,19,16,0,40733,645
Java,xwiki-platform-core/xwiki-platform-oldcore/src/main/java/com/xpn/xwiki/internal/template/InternalTemplateManager.java,InternalTemplateManager.java,1004,708,98,198,76,30051,497
Java,xwiki-platform-core/xwiki-platform-rendering/xwiki-platform-rendering-macros/xwiki-platform-rendering-macro-context/src/test/java/org/xwiki/rendering/macro/context/IntegrationTests.java,IntegrationTests.java,96,53,33,10,0,4648,84
Java,xwiki-platform-core/xwiki-platform-rendering/xwiki-platform-rendering-async/xwiki-platform-rendering-async-macro/src/test/java/org/xwiki/rendering/macro/box/IntegrationTests.java,IntegrationTests.java,99,70,25,4,0,4919,89
Java,xwiki-platform-core/xwiki-platform-legacy/xwiki-platform-legacy-oldcore/src/main/java/com/xpn/xwiki/web/InlineAction.java,InlineAction.java,131,83,31,17,20,4884,99
XML,xwiki-platform-core/xwiki-platform-panels/xwiki-platform-panels-ui/src/main/resources/Panels/IncludedDocuments.xml,IncludedDocuments.xml,144,123,19,2,0,4906,113
Java,xwiki-platform-core/xwiki-platform-office/xwiki-platform-office-importer/src/test/java/org/xwiki/officeimporter/internal/filter/ImageFilterTest.java,ImageFilterTest.java,166,117,24,25,0,7393,117
Java,xwiki-platform-core/xwiki-platform-office/xwiki-platform-office-importer/src/main/java/org/xwiki/officeimporter/internal/filter/ImageFilter.java,ImageFilter.java,206,120,66,20,15,9314,165
Java,xwiki-platform-core/xwiki-platform-icon/xwiki-platform-icon-api/src/main/java/org/xwiki/icon/IconSet.java,IconSet.java,274,112,127,35,0,6137,133
XML,xwiki-platform-core/xwiki-platform-icon/xwiki-platform-icon-ui/src/main/resources/IconThemesCode/IconPickerMacro.xml,IconPickerMacro.xml,577,552,19,6,0,19563,256
XML,xwiki-platform-core/xwiki-platform-icon/xwiki-platform-icon-ui/src/main/resources/IconThemesCode/IconPicker.xml,IconPicker.xml,644,583,19,42,0,22221,404
Java,xwiki-platform-core/xwiki-platform-icon/xwiki-platform-icon-script/src/main/java/org/xwiki/icon/IconManagerScriptService.java,IconManagerScriptService.java,370,170,171,29,2,10623,135
Java,xwiki-platform-core/xwiki-platform-icon/xwiki-platform-icon-api/src/main/java/org/xwiki/icon/IconException.java,IconException.java,40,8,31,1,0,1343,36
Java,xwiki-platform-core/xwiki-platform-test/xwiki-platform-test-ui/src/main/java/org/xwiki/test/ui/po/HistoryPane.java,HistoryPane.java,171,99,50,22,2,6346,108
Java,xwiki-platform-core/xwiki-platform-scheduler/xwiki-platform-scheduler-api/src/main/java/com/xpn/xwiki/plugin/scheduler/GroovyJob.java,GroovyJob.java,95,39,46,10,2,4546,83
Java,xwiki-platform-core/xwiki-platform-url/xwiki-platform-url-default/src/main/java/org/xwiki/url/internal/GenericStringResourceTypeResolver.java,GenericStringResourceTypeResolver.java,50,20,26,4,0,1774,43
Java,xwiki-platform-core/xwiki-platform-url/xwiki-platform-url-default/src/main/java/org/xwiki/url/internal/GenericResourceReferenceResolver.java,GenericResourceReferenceResolver.java,63,29,29,5,0,2617,55
XML,xwiki-platform-core/xwiki-platform-administration/xwiki-platform-administration-ui/src/main/resources/XWiki/ForgotUsernameMailContent.xml,ForgotUsernameMailContent.xml,141,116,19,6,0,4707,113
Java,xwiki-platform-core/xwiki-platform-administration/xwiki-platform-administration-test/xwiki-platform-administration-test-docker/src/test/it/org/xwiki/administration/test/ui/ForgotUsernameIT.java,ForgotUsernameIT.java,221,144,43,34,14,9144,158
Java,xwiki-platform-core/xwiki-platform-administration/xwiki-platform-administration-test/xwiki-platform-administration-test-pageobjects/src/main/java/org/xwiki/administration/test/po/ForgotUsernameCompletePage.java,ForgotUsernameCompletePage.java,81,33,42,6,1,2690,55
XML,xwiki-platform-core/xwiki-platform-administration/xwiki-platform-administration-ui/src/main/resources/XWiki/ForgotUsername.xml,ForgotUsername.xml,293,272,19,2,0,9509,109
XML,xwiki-platform-core/xwiki-platform-filter/xwiki-platform-filter-ui/src/main/resources/Filter/FilterStreamDescriptorForm.xml,FilterStreamDescriptorForm.xml,80,58,19,3,0,4114,74
Java,xwiki-platform-core/xwiki-platform-flamingo/xwiki-platform-flamingo-skin/xwiki-platform-flamingo-skin-test/xwiki-platform-flamingo-skin-test-docker/src/test/it/org/xwiki/flamingo/test/docker/EditIT.java,EditIT.java,1108,786,197,125,5,55626,713
Java,xwiki-platform-core/xwiki-platform-oldcore/src/main/java/com/xpn/xwiki/web/EditAction.java,EditAction.java,282,147,108,27,34,12406,198
Java,xwiki-platform-core/xwiki-platform-oldcore/src/main/java/com/xpn/xwiki/web/DownloadAction.java,DownloadAction.java,566,332,170,64,64,26050,393
XML,xwiki-platform-core/xwiki-platform-index/xwiki-platform-index-tree/xwiki-platform-index-tree-macro/src/main/resources/XWiki/DocumentTreeMacros.xml,DocumentTreeMacros.xml,1335,1229,19,87,0,47928,784
Java,xwiki-platform-core/xwiki-platform-localization/xwiki-platform-localization-sources/xwiki-platform-localization-source-wiki/src/test/java/org/xwiki/localization/wiki/internal/DocumentTranslationBundleFactoryTest.java,DocumentTranslationBundleFactoryTest.java,227,153,25,49,11,9048,144
Java,xwiki-platform-core/xwiki-platform-localization/xwiki-platform-localization-sources/xwiki-platform-localization-source-wiki/src/main/java/org/xwiki/localization/wiki/internal/DocumentTranslationBundleFactory.java,DocumentTranslationBundleFactory.java,499,340,81,78,25,17830,285
Java,xwiki-platform-core/xwiki-platform-display/xwiki-platform-display-api/src/test/java/org/xwiki/display/internal/DocumentTitleDisplayerTest.java,DocumentTitleDisplayerTest.java,144,94,27,23,0,6437,106
Java,xwiki-platform-core/xwiki-platform-display/xwiki-platform-display-api/src/main/java/org/xwiki/display/internal/DocumentTitleDisplayer.java,DocumentTitleDisplayer.java,95,51,37,7,3,4271,83
Java,xwiki-platform-core/xwiki-platform-oldcore/src/test/java/com/xpn/xwiki/api/DocumentTest.java,DocumentTest.java,356,254,27,75,8,16951,197
Java,xwiki-platform-core/xwiki-platform-search/xwiki-platform-search-solr/xwiki-platform-search-solr-api/src/test/java/org/xwiki/search/solr/internal/metadata/DocumentSolrMetadataExtractorTest.java,DocumentSolrMetadataExtractorTest.java,654,467,74,113,4,30701,461
Java,xwiki-platform-core/xwiki-platform-search/xwiki-platform-search-solr/xwiki-platform-search-solr-api/src/main/java/org/xwiki/search/solr/internal/metadata/DocumentSolrMetadataExtractor.java,DocumentSolrMetadataExtractor.java,347,188,108,51,17,16680,250
Java,xwiki-platform-core/xwiki-platform-oldcore/src/main/java/com/xpn/xwiki/doc/DocumentRevisionProvider.java,DocumentRevisionProvider.java,59,10,45,4,0,2327,46
Java,xwiki-platform-core/xwiki-platform-bridge/src/main/java/org/xwiki/bridge/DocumentModelBridge.java,DocumentModelBridge.java,183,49,114,20,0,5594,105
Java,xwiki-platform-core/xwiki-platform-appwithinminutes/xwiki-platform-appwithinminutes-test/xwiki-platform-appwithinminutes-test-docker/src/test/it/org/xwiki/appwithinminutes/test/ui/DocumentFieldsIT.java,DocumentFieldsIT.java,149,86,46,17,0,6874,127
Java,xwiki-platform-core/xwiki-platform-display/xwiki-platform-display-api/src/main/java/org/xwiki/display/internal/DocumentContentAsyncRenderer.java,DocumentContentAsyncRenderer.java,139,82,31,26,4,4645,90
Java,xwiki-platform-core/xwiki-platform-bridge/src/main/java/org/xwiki/bridge/DocumentAccessBridge.java,DocumentAccessBridge.java,864,163,630,71,0,39951,351
Java,xwiki-platform-core/xwiki-platform-oldcore/src/main/java/com/xpn/xwiki/api/Document.java,Document.java,3315,1877,1095,343,272,120564,1411
Vue,xwiki-platform-core/xwiki-platform-livedata/xwiki-platform-livedata-webjar/src/main/vue/displayers/DisplayerXObjectProperty.vue,DisplayerXObjectProperty.vue,180,101,48,31,8,5776,131
Vue,xwiki-platform-core/xwiki-platform-livedata/xwiki-platform-livedata-webjar/src/main/vue/displayers/DisplayerLink.vue,DisplayerLink.vue,123,67,38,18,9,3693,98
JavaScript,xwiki-platform-core/xwiki-platform-livedata/xwiki-platform-livedata-webjar/src/main/tests/unit/displayers/DisplayerLink.spec.js,DisplayerLink.spec.js,135,102,19,14,0,3608,69
Vue,xwiki-platform-core/xwiki-platform-livedata/xwiki-platform-livedata-webjar/src/main/vue/displayers/DisplayerHtml.vue,DisplayerHtml.vue,67,31,29,7,0,2068,57
JavaScript,xwiki-platform-core/xwiki-platform-livedata/xwiki-platform-livedata-webjar/src/main/tests/unit/displayers/DisplayerHtml.spec.js,DisplayerHtml.spec.js,36,15,19,2,0,1387,33
JavaScript,xwiki-platform-core/xwiki-platform-livedata/xwiki-platform-livedata-webjar/src/main/tests/unit/displayers/DisplayerDocTitle.spec.js,DisplayerDocTitle.spec.js,65,43,19,3,0,2139,43
Vue,xwiki-platform-core/xwiki-platform-livedata/xwiki-platform-livedata-webjar/src/main/vue/displayers/DisplayerActions.vue,DisplayerActions.vue,116,57,38,21,1,3245,89
Java,xwiki-platform-core/xwiki-platform-oldcore/src/main/java/com/xpn/xwiki/internal/doc/DeletedDocumentRevisionProvider.java,DeletedDocumentRevisionProvider.java,72,36,26,10,6,2549,57
Java,xwiki-platform-core/xwiki-platform-oldcore/src/main/java/com/xpn/xwiki/api/DeletedDocument.java,DeletedDocument.java,225,117,87,21,9,7356,136
XML,xwiki-platform-core/xwiki-platform-index/xwiki-platform-index-ui/src/main/resources/XWiki/DeletedAttachments.xml,DeletedAttachments.xml,637,609,19,9,0,24515,410
Java,xwiki-platform-core/xwiki-platform-oldcore/src/main/java/com/xpn/xwiki/web/DeleteVersionsAction.java,DeleteVersionsAction.java,134,77,43,14,14,4627,102
XML,xwiki-platform-core/xwiki-platform-appwithinminutes/xwiki-platform-appwithinminutes-ui/src/main/resources/AppWithinMinutes/DeleteApplication.xml,DeleteApplication.xml,159,134,19,6,0,6335,131
Java,xwiki-platform-core/xwiki-platform-office/xwiki-platform-office-importer/src/test/java/org/xwiki/officeimporter/internal/builder/DefaultXHTMLOfficeDocumentBuilderTest.java,DefaultXHTMLOfficeDocumentBuilderTest.java,144,97,25,22,1,5674,113
Java,xwiki-platform-core/xwiki-platform-office/xwiki-platform-office-importer/src/main/java/org/xwiki/officeimporter/internal/builder/DefaultXHTMLOfficeDocumentBuilder.java,DefaultXHTMLOfficeDocumentBuilder.java,167,105,46,16,4,7063,133
Java,xwiki-platform-core/xwiki-platform-office/xwiki-platform-office-importer/src/test/java/org/xwiki/officeimporter/internal/splitter/DefaultXDOMOfficeDocumentSplitterTest.java,DefaultXDOMOfficeDocumentSplitterTest.java,121,67,42,12,0,5475,95
Java,xwiki-platform-core/xwiki-platform-office/xwiki-platform-office-importer/src/main/java/org/xwiki/officeimporter/internal/splitter/DefaultXDOMOfficeDocumentSplitter.java,DefaultXDOMOfficeDocumentSplitter.java,139,74,49,16,3,5748,106
Java,xwiki-platform-core/xwiki-platform-office/xwiki-platform-office-importer/src/test/java/org/xwiki/officeimporter/internal/builder/DefaultXDOMOfficeDocumentBuilderTest.java,DefaultXDOMOfficeDocumentBuilderTest.java,128,75,38,15,0,5277,102
Java,xwiki-platform-core/xwiki-platform-office/xwiki-platform-office-importer/src/main/java/org/xwiki/officeimporter/internal/builder/DefaultXDOMOfficeDocumentBuilder.java,DefaultXDOMOfficeDocumentBuilder.java,106,59,38,9,0,4068,83
Java,xwiki-platform-core/xwiki-platform-oldcore/src/test/java/com/xpn/xwiki/render/DefaultVelocityManagerTest.java,DefaultVelocityManagerTest.java,111,66,27,18,0,4562,85
Java,xwiki-platform-core/xwiki-platform-oldcore/src/main/java/com/xpn/xwiki/render/DefaultVelocityManager.java,DefaultVelocityManager.java,323,193,82,48,24,12399,223
Java,xwiki-platform-core/xwiki-platform-url/xwiki-platform-url-default/src/test/java/org/xwiki/url/internal/DefaultURLSecurityManagerTest.java,DefaultURLSecurityManagerTest.java,215,160,28,27,0,10136,158
Java,xwiki-platform-core/xwiki-platform-url/xwiki-platform-url-default/src/main/java/org/xwiki/url/internal/DefaultURLSecurityManager.java,DefaultURLSecurityManager.java,152,99,32,21,17,5325,113
Java,xwiki-platform-core/xwiki-platform-url/xwiki-platform-url-default/src/main/java/org/xwiki/url/internal/DefaultURLContextManager.java,DefaultURLContextManager.java,59,27,26,6,0,1916,46
Java,xwiki-platform-core/xwiki-platform-url/xwiki-platform-url-default/src/test/java/org/xwiki/url/internal/DefaultURLConfigurationTest.java,DefaultURLConfigurationTest.java,68,39,19,10,0,2442,54
Java,xwiki-platform-core/xwiki-platform-url/xwiki-platform-url-default/src/main/java/org/xwiki/url/internal/DefaultURLConfiguration.java,DefaultURLConfiguration.java,78,37,32,9,0,2529,55
Java,xwiki-platform-core/xwiki-platform-store/xwiki-platform-store-filesystem-oldcore/src/test/java/org/xwiki/store/filesystem/internal/DefaultTemporaryAttachmentSessionsManagerTest.java,DefaultTemporaryAttachmentSessionsManagerTest.java,203,147,25,31,0,8681,140
Java,xwiki-platform-core/xwiki-platform-store/xwiki-platform-store-filesystem-oldcore/src/main/java/org/xwiki/store/filesystem/internal/DefaultTemporaryAttachmentSessionsManager.java,DefaultTemporaryAttachmentSessionsManager.java,136,97,25,14,3,5641,93
Java,xwiki-platform-core/xwiki-platform-index/xwiki-platform-index-api/src/test/java/org/xwiki/index/internal/DefaultTasksManagerTest.java,DefaultTasksManagerTest.java,295,208,35,52,0,12031,182
Java,xwiki-platform-core/xwiki-platform-index/xwiki-platform-index-api/src/main/java/org/xwiki/index/internal/DefaultTasksManager.java,DefaultTasksManager.java,372,270,63,39,18,13881,247
Java,xwiki-platform-core/xwiki-platform-url/xwiki-platform-url-default/src/main/java/org/xwiki/url/internal/DefaultStringResourceTypeResolver.java,DefaultStringResourceTypeResolver.java,83,47,28,8,2,3224,70
Java,xwiki-platform-core/xwiki-platform-search/xwiki-platform-search-solr/xwiki-platform-search-solr-api/src/main/java/org/xwiki/search/solr/internal/DefaultSolrIndexer.java,DefaultSolrIndexer.java,578,324,180,74,34,20249,337
Java,xwiki-platform-core/xwiki-platform-url/xwiki-platform-url-default/src/main/java/org/xwiki/url/internal/DefaultResourceTypeResolver.java,DefaultResourceTypeResolver.java,78,40,32,6,0,3011,66
Java,xwiki-platform-core/xwiki-platform-url/xwiki-platform-url-default/src/main/java/org/xwiki/url/internal/DefaultResourceReferenceSerializer.java,DefaultResourceReferenceSerializer.java,77,41,29,7,0,3119,66
Java,xwiki-platform-core/xwiki-platform-url/xwiki-platform-url-default/src/main/java/org/xwiki/url/internal/DefaultResourceReferenceResolver.java,DefaultResourceReferenceResolver.java,95,49,38,8,2,4042,80
Java,xwiki-platform-core/xwiki-platform-security/xwiki-platform-security-authentication/xwiki-platform-security-authentication-default/src/main/java/org/xwiki/security/authentication/internal/DefaultResetPasswordRequestResponse.java,DefaultResetPasswordRequestResponse.java,92,46,36,10,6,2929,65
Java,xwiki-platform-core/xwiki-platform-security/xwiki-platform-security-authentication/xwiki-platform-security-authentication-default/src/test/java/org/xwiki/security/authentication/internal/DefaultResetPasswordManagerTest.java,DefaultResetPasswordManagerTest.java,459,389,24,46,0,23279,235
Java,xwiki-platform-core/xwiki-platform-security/xwiki-platform-security-authentication/xwiki-platform-security-authentication-default/src/main/java/org/xwiki/security/authentication/internal/DefaultResetPasswordManager.java,DefaultResetPasswordManager.java,335,245,43,47,22,15357,231
Java,xwiki-platform-core/xwiki-platform-office/xwiki-platform-office-importer/src/test/java/org/xwiki/officeimporter/internal/builder/DefaultPresentationBuilderTest.java,DefaultPresentationBuilderTest.java,198,138,31,29,1,8330,159
Java,xwiki-platform-core/xwiki-platform-office/xwiki-platform-office-importer/src/main/java/org/xwiki/officeimporter/internal/builder/DefaultPresentationBuilder.java,DefaultPresentationBuilder.java,277,151,103,23,2,12903,212
Java,xwiki-platform-core/xwiki-platform-office/xwiki-platform-office-viewer/src/test/java/org/xwiki/office/viewer/internal/DefaultOfficeResourceViewerTest.java,DefaultOfficeResourceViewerTest.java,506,321,101,84,0,23126,268
Java,xwiki-platform-core/xwiki-platform-office/xwiki-platform-office-viewer/src/main/java/org/xwiki/office/viewer/internal/DefaultOfficeResourceViewer.java,DefaultOfficeResourceViewer.java,483,308,113,62,40,21426,319
Java,xwiki-platform-core/xwiki-platform-office/xwiki-platform-office-importer/src/main/java/org/xwiki/officeimporter/internal/converter/DefaultOfficeConverter.java,DefaultOfficeConverter.java,145,83,44,18,13,5539,100
Java,xwiki-platform-core/xwiki-platform-notifications/xwiki-platform-notifications-rest/src/main/java/org/xwiki/notifications/rest/internal/DefaultNotificationsResource.java,DefaultNotificationsResource.java,275,201,39,35,24,13293,198
Java,xwiki-platform-core/xwiki-platform-index/xwiki-platform-index-api/src/test/java/org/xwiki/index/internal/DefaultLinksTaskConsumerTest.java,DefaultLinksTaskConsumerTest.java,143,98,25,20,0,5341,107
Java,xwiki-platform-core/xwiki-platform-index/xwiki-platform-index-api/src/main/java/org/xwiki/index/internal/DefaultLinksTaskConsumer.java,DefaultLinksTaskConsumer.java,104,61,32,11,4,3782,85
Java,xwiki-platform-core/xwiki-platform-icon/xwiki-platform-icon-rest/xwiki-platform-icon-rest-default/src/test/java/org/xwiki/icon/internal/DefaultIconThemesResourceTest.java,DefaultIconThemesResourceTest.java,277,216,26,35,0,12221,160
Java,xwiki-platform-core/xwiki-platform-icon/xwiki-platform-icon-default/src/test/java/org/xwiki/icon/internal/DefaultIconSetManagerTest.java,DefaultIconSetManagerTest.java,380,258,59,63,1,13621,185
Java,xwiki-platform-core/xwiki-platform-icon/xwiki-platform-icon-default/src/main/java/org/xwiki/icon/internal/DefaultIconSetManager.java,DefaultIconSetManager.java,196,129,38,29,12,6781,138
Java,xwiki-platform-core/xwiki-platform-icon/xwiki-platform-icon-default/src/test/java/org/xwiki/icon/internal/DefaultIconSetLoaderTest.java,DefaultIconSetLoaderTest.java,161,109,31,21,0,6104,110
Java,xwiki-platform-core/xwiki-platform-icon/xwiki-platform-icon-default/src/main/java/org/xwiki/icon/internal/DefaultIconSetLoader.java,DefaultIconSetLoader.java,133,86,28,19,16,5072,102
Java,xwiki-platform-core/xwiki-platform-icon/xwiki-platform-icon-default/src/test/java/org/xwiki/icon/internal/DefaultIconRendererTest.java,DefaultIconRendererTest.java,274,183,47,44,0,8791,122
Java,xwiki-platform-core/xwiki-platform-icon/xwiki-platform-icon-default/src/main/java/org/xwiki/icon/internal/DefaultIconRenderer.java,DefaultIconRenderer.java,138,89,31,18,11,4148,93
Java,xwiki-platform-core/xwiki-platform-dashboard/xwiki-platform-dashboard-macro/src/test/java/org/xwiki/rendering/internal/macro/dashboard/DefaultGadgetSourceTest.java,DefaultGadgetSourceTest.java,213,160,19,34,0,9424,151
Java,xwiki-platform-core/xwiki-platform-dashboard/xwiki-platform-dashboard-macro/src/main/java/org/xwiki/rendering/internal/macro/dashboard/DefaultGadgetSource.java,DefaultGadgetSource.java,341,216,84,41,15,15111,245
Java,xwiki-platform-core/xwiki-platform-oldcore/src/main/java/com/xpn/xwiki/internal/doc/DefaultDocumentRevisionProvider.java,DefaultDocumentRevisionProvider.java,91,52,31,8,9,3449,76
Java,xwiki-platform-core/xwiki-platform-oldcore/src/test/java/com/xpn/xwiki/doc/DefaultDocumentAccessBridgeTest.java,DefaultDocumentAccessBridgeTest.java,65,30,24,11,0,2423,50
Java,xwiki-platform-core/xwiki-platform-oldcore/src/main/java/com/xpn/xwiki/doc/DefaultDocumentAccessBridge.java,DefaultDocumentAccessBridge.java,1012,805,76,131,107,37198,402
Java,xwiki-platform-core/xwiki-platform-diff/xwiki-platform-diff-xml/src/main/java/org/xwiki/diff/xml/internal/DefaultDataURIConverter.java,DefaultDataURIConverter.java,150,103,29,18,8,5514,116
Java,xwiki-platform-core/xwiki-platform-security/xwiki-platform-security-authorization/xwiki-platform-security-authorization-bridge/src/test/java/org/xwiki/security/authorization/internal/DefaultContextualAuthorizationManagerTest.java,DefaultContextualAuthorizationManagerTest.java,91,50,25,16,0,3457,66
Java,xwiki-platform-core/xwiki-platform-security/xwiki-platform-security-authorization/xwiki-platform-security-authorization-bridge/src/main/java/org/xwiki/security/authorization/internal/DefaultContextualAuthorizationManager.java,DefaultContextualAuthorizationManager.java,246,152,53,41,30,7860,138
Java,xwiki-platform-core/xwiki-platform-rendering/xwiki-platform-rendering-parser/src/test/java/org/xwiki/rendering/internal/parser/DefaultContentParserTest.java,DefaultContentParserTest.java,111,72,25,14,0,4333,82
Java,xwiki-platform-core/xwiki-platform-rendering/xwiki-platform-rendering-parser/src/main/java/org/xwiki/rendering/internal/parser/DefaultContentParser.java,DefaultContentParser.java,92,51,33,8,3,3204,75
Java,xwiki-platform-core/xwiki-platform-rendering/xwiki-platform-rendering-async/xwiki-platform-rendering-async-api/src/main/java/org/xwiki/rendering/async/internal/block/DefaultBlockAsyncRenderer.java,DefaultBlockAsyncRenderer.java,163,100,36,27,8,5450,110
Java,xwiki-platform-core/xwiki-platform-security/xwiki-platform-security-authentication/xwiki-platform-security-authentication-default/src/main/java/org/xwiki/security/authentication/internal/DefaultAuthenticationConfiguration.java,DefaultAuthenticationConfiguration.java,76,41,28,7,2,2419,57
XML,xwiki-platform-core/xwiki-platform-search/xwiki-platform-search-ui/src/main/resources/Main/DatabaseSearch.xml,DatabaseSearch.xml,228,203,19,6,0,9500,193
Java,xwiki-platform-core/xwiki-platform-skin/xwiki-platform-skin-skinx/src/test/java/com/xpn/xwiki/plugin/skinx/CssSkinExtensionPluginTest.java,CssSkinExtensionPluginTest.java,209,150,25,34,0,9360,154
XML,xwiki-platform-core/xwiki-platform-appwithinminutes/xwiki-platform-appwithinminutes-ui/src/main/resources/AppWithinMinutes/CreateApplication.xml,CreateApplication.xml,498,457,19,22,0,17232,307
Java,xwiki-platform-core/xwiki-platform-oldcore/src/test/java/com/xpn/xwiki/web/CreateActionTest.java,CreateActionTest.java,1579,913,358,308,7,73750,382
Java,xwiki-platform-core/xwiki-platform-oldcore/src/main/java/com/xpn/xwiki/web/CreateAction.java,CreateAction.java,470,235,170,65,47,19305,298
XML,xwiki-platform-core/xwiki-platform-realtime/xwiki-platform-realtime-ui/src/main/resources/RTFrontend/ConvertHTML.xml,ConvertHTML.xml,59,38,19,2,0,2374,56
Java,xwiki-platform-core/xwiki-platform-rendering/xwiki-platform-rendering-macros/xwiki-platform-rendering-macro-context/src/test/java/org/xwiki/rendering/internal/macro/context/ContextMacroTest.java,ContextMacroTest.java,197,137,26,34,0,8097,138
Java,xwiki-platform-core/xwiki-platform-rendering/xwiki-platform-rendering-macros/xwiki-platform-rendering-macro-context/src/main/java/org/xwiki/rendering/internal/macro/context/ContextMacro.java,ContextMacro.java,195,117,52,26,9,8858,147
XML,xwiki-platform-core/xwiki-platform-appwithinminutes/xwiki-platform-appwithinminutes-ui/src/main/resources/AppWithinMinutes/Content.xml,Content.xml,199,178,19,2,0,6915,165
XML,xwiki-platform-core/xwiki-platform-administration/xwiki-platform-administration-ui/src/main/resources/XWiki/ConfigurableClassMacros.xml,ConfigurableClassMacros.xml,387,357,19,11,0,18335,303
XML,xwiki-platform-core/xwiki-platform-administration/xwiki-platform-administration-ui/src/main/resources/XWiki/ConfigurableClass.xml,ConfigurableClass.xml,814,766,19,29,0,43470,578
Java,xwiki-platform-core/xwiki-platform-localization/xwiki-platform-localization-sources/xwiki-platform-localization-source-wiki/src/main/java/org/xwiki/localization/wiki/internal/ComponentDocumentTranslationBundle.java,ComponentDocumentTranslationBundle.java,70,28,36,6,1,3071,60
Java,xwiki-platform-core/xwiki-platform-legacy/xwiki-platform-legacy-office/xwiki-platform-legacy-office-importer/src/main/aspect/org/xwiki/officeimporter/document/CompatibilityOfficeDocument.java,CompatibilityOfficeDocument.java,37,7,28,2,0,1609,34
Java,xwiki-platform-core/xwiki-platform-rest/xwiki-platform-rest-test/xwiki-platform-rest-test-tests/src/test/it/org/xwiki/rest/test/CommentsResourceIT.java,CommentsResourceIT.java,195,126,21,48,4,7998,100
XML,xwiki-platform-core/xwiki-platform-xclass/xwiki-platform-xclass-ui/src/main/resources/XWiki/ClassSheet.xml,ClassSheet.xml,417,372,19,26,0,19498,340
Java,xwiki-platform-core/xwiki-platform-rendering/xwiki-platform-rendering-async/xwiki-platform-rendering-async-api/src/main/java/org/xwiki/rendering/async/internal/block/BlockAsyncRendererConfiguration.java,BlockAsyncRendererConfiguration.java,335,164,125,46,15,8998,170
Java,xwiki-platform-core/xwiki-platform-test/xwiki-platform-test-ui/src/main/java/org/xwiki/test/ui/po/BasePage.java,BasePage.java,814,416,303,95,11,22549,391
Java,xwiki-platform-core/xwiki-platform-oldcore/src/test/java/com/xpn/xwiki/internal/doc/BaseObjectsTest.java,BaseObjectsTest.java,145,85,24,36,0,4069,81
Java,xwiki-platform-core/xwiki-platform-oldcore/src/main/java/com/xpn/xwiki/internal/doc/BaseObjects.java,BaseObjects.java,171,95,48,28,14,4620,102
Java,xwiki-platform-core/xwiki-platform-oldcore/src/main/java/com/xpn/xwiki/objects/BaseObject.java,BaseObject.java,432,295,76,61,66,15952,237
Vue,xwiki-platform-core/xwiki-platform-livedata/xwiki-platform-livedata-webjar/src/main/vue/displayers/BaseDisplayer.vue,BaseDisplayer.vue,354,221,97,36,18,10980,261
JavaScript,xwiki-platform-core/xwiki-platform-livedata/xwiki-platform-livedata-webjar/src/main/tests/unit/displayers/BaseDisplayer.spec.js,BaseDisplayer.spec.js,115,71,26,18,0,3568,67
Java,xwiki-platform-core/xwiki-platform-security/xwiki-platform-security-authentication/xwiki-platform-security-authentication-script/src/test/java/org/xwiki/security/authentication/script/AuthenticationScriptServiceTest.java,AuthenticationScriptServiceTest.java,267,205,24,38,0,11240,163
Java,xwiki-platform-core/xwiki-platform-security/xwiki-platform-security-authentication/xwiki-platform-security-authentication-script/src/main/java/org/xwiki/security/authentication/script/AuthenticationScriptService.java,AuthenticationScriptService.java,243,130,89,24,5,9878,158
Java,xwiki-platform-core/xwiki-platform-security/xwiki-platform-security-authentication/xwiki-platform-security-authentication-default/src/test/java/org/xwiki/security/authentication/internal/resource/AuthenticationResourceReferenceHandlerTest.java,AuthenticationResourceReferenceHandlerTest.java,152,104,25,23,0,6242,108
Java,xwiki-platform-core/xwiki-platform-security/xwiki-platform-security-authentication/xwiki-platform-security-authentication-default/src/main/java/org/xwiki/security/authentication/internal/resource/AuthenticationResourceReferenceHandler.java,AuthenticationResourceReferenceHandler.java,117,74,30,13,5,4574,92
Java,xwiki-platform-core/xwiki-platform-security/xwiki-platform-security-authentication/xwiki-platform-security-authentication-api/src/main/java/org/xwiki/security/authentication/AuthenticationConfiguration.java,AuthenticationConfiguration.java,59,15,39,5,0,1936,45
Java,xwiki-platform-core/xwiki-platform-rest/xwiki-platform-rest-test/xwiki-platform-rest-test-tests/src/test/it/org/xwiki/rest/test/AttachmentsResourceIT.java,AttachmentsResourceIT.java,354,243,45,66,13,16563,218
Java,xwiki-platform-core/xwiki-platform-attachment/xwiki-platform-attachment-ui/src/test/java/org/xwiki/attachment/AttachmentSelectorPageTest.java,AttachmentSelectorPageTest.java,318,241,38,39,0,13926,175
XML,xwiki-platform-core/xwiki-platform-attachment/xwiki-platform-attachment-ui/src/main/resources/XWiki/AttachmentSelector.xml,AttachmentSelector.xml,2844,2804,19,21,0,102728,1045
Java,xwiki-platform-core/xwiki-platform-flamingo/xwiki-platform-flamingo-skin/xwiki-platform-flamingo-skin-test/xwiki-platform-flamingo-skin-test-docker/src/test/it/org/xwiki/flamingo/test/docker/AttachmentIT.java,AttachmentIT.java,419,301,62,56,0,21200,263
Java,xwiki-platform-core/xwiki-platform-rendering/xwiki-platform-rendering-async/xwiki-platform-rendering-async-macro/src/main/java/org/xwiki/rendering/async/internal/AsyncMacro.java,AsyncMacro.java,127,71,38,18,10,4521,99
Java,xwiki-platform-core/xwiki-platform-appwithinminutes/xwiki-platform-appwithinminutes-test/xwiki-platform-appwithinminutes-test-docker/src/test/it/org/xwiki/appwithinminutes/test/ui/AppsLiveTableIT.java,AppsLiveTableIT.java,186,119,47,20,0,8421,140
XML,xwiki-platform-core/xwiki-platform-panels/xwiki-platform-panels-ui/src/main/resources/PanelsCode/ApplicationsPanelConfigurationSheet.xml,ApplicationsPanelConfigurationSheet.xml,427,398,19,10,0,15352,263
Properties File,xwiki-platform-core/xwiki-platform-livedata/xwiki-platform-livedata-macro/src/main/resources/ApplicationResources_fr.properties,ApplicationResources_fr.properties,102,71,27,4,0,7118,92
Properties File,xwiki-platform-core/xwiki-platform-livedata/xwiki-platform-livedata-macro/src/main/resources/ApplicationResources_de.properties,ApplicationResources_de.properties,102,73,25,4,0,6941,92
Properties File,xwiki-platform-core/xwiki-platform-oldcore/src/main/resources/ApplicationResources.properties,ApplicationResources.properties,5554,4417,617,520,0,301569,4844
Properties File,xwiki-platform-core/xwiki-platform-livedata/xwiki-platform-livedata-macro/src/main/resources/ApplicationResources.properties,ApplicationResources.properties,129,73,25,31,0,6153,92
Properties File,xwiki-platform-core/xwiki-platform-attachment/xwiki-platform-attachment-api/src/main/resources/ApplicationResources.properties,ApplicationResources.properties,48,29,19,0,0,3262,45
Java,xwiki-platform-core/xwiki-platform-appwithinminutes/xwiki-platform-appwithinminutes-test/xwiki-platform-appwithinminutes-test-docker/src/test/it/org/xwiki/appwithinminutes/test/ui/AllITs.java,AllITs.java,76,43,25,8,0,2098,47
Java,xwiki-platform-core/xwiki-platform-flamingo/xwiki-platform-flamingo-skin/xwiki-platform-flamingo-skin-test/xwiki-platform-flamingo-skin-test-docker/src/test/it/org/xwiki/flamingo/test/docker/AllITs.java,AllITs.java,179,128,26,25,0,4144,83
XML,xwiki-platform-core/xwiki-platform-administration/xwiki-platform-administration-ui/src/main/resources/XWiki/AdminTemplatesSheet.xml,AdminTemplatesSheet.xml,380,355,19,6,0,12447,242
XML,xwiki-platform-core/xwiki-platform-administration/xwiki-platform-administration-ui/src/main/resources/XWiki/AdminSheet.xml,AdminSheet.xml,1008,942,19,47,0,279255,579
XML,xwiki-platform-core/xwiki-platform-administration/xwiki-platform-administration-ui/src/main/resources/XWiki/AdminFieldsDisplaySheet.xml,AdminFieldsDisplaySheet.xml,158,136,19,3,0,7523,135
Java,xwiki-platform-core/xwiki-platform-oldcore/src/main/java/com/xpn/xwiki/web/AdminAction.java,AdminAction.java,155,107,34,14,31,5758,118
XML,xwiki-platform-core/xwiki-platform-legacy/xwiki-platform-legacy-notifications/xwiki-platform-legacy-notification-activitymacro/src/main/resources/XWiki/Notifications/Code/Legacy/ActivityMacro.xml,ActivityMacro.xml,839,818,19,2,0,28184,238
Java,xwiki-platform-core/xwiki-platform-skin/xwiki-platform-skin-skinx/src/main/java/org/xwiki/skinx/internal/AbstractSxExportURLFactoryActionHandler.java,AbstractSxExportURLFactoryActionHandler.java,180,102,50,28,5,7426,135
Java,xwiki-platform-core/xwiki-platform-search/xwiki-platform-search-solr/xwiki-platform-search-solr-api/src/main/java/org/xwiki/search/solr/internal/metadata/AbstractSolrMetadataExtractor.java,AbstractSolrMetadataExtractor.java,561,314,177,70,66,24674,361
Java,xwiki-platform-core/xwiki-platform-skin/xwiki-platform-skin-skinx/src/main/java/com/xpn/xwiki/plugin/skinx/AbstractSkinExtensionPlugin.java,AbstractSkinExtensionPlugin.java,513,213,248,52,18,22608,303
Java,xwiki-platform-core/xwiki-platform-oldcore/src/main/java/com/xpn/xwiki/internal/skin/AbstractResourceSkin.java,AbstractResourceSkin.java,155,94,36,25,15,5144,106
Java,xwiki-platform-core/xwiki-platform-url/xwiki-platform-url-api/src/main/java/org/xwiki/url/internal/AbstractResourceReferenceResolver.java,AbstractResourceReferenceResolver.java,107,57,40,10,5,4416,81
Java,xwiki-platform-core/xwiki-platform-url/xwiki-platform-url-api/src/test/java/org/xwiki/url/internal/AbstractParentResourceReferenceResolverTest.java,AbstractParentResourceReferenceResolverTest.java,75,43,22,10,0,2967,61
Java,xwiki-platform-core/xwiki-platform-url/xwiki-platform-url-api/src/main/java/org/xwiki/url/internal/AbstractParentResourceReferenceResolver.java,AbstractParentResourceReferenceResolver.java,78,44,27,7,5,3030,68
Java,xwiki-platform-core/xwiki-platform-rest/xwiki-platform-rest-test/xwiki-platform-rest-test-tests/src/test/it/org/xwiki/rest/test/framework/AbstractHttpIT.java,AbstractHttpIT.java,544,394,30,120,20,20744,254
Java,xwiki-platform-core/xwiki-platform-mail/xwiki-platform-mail-general/src/main/java/org/xwiki/mail/internal/configuration/AbstractGeneralMailConfigClassDocumentConfigurationSource.java,AbstractGeneralMailConfigClassDocumentConfigurationSource.java,46,13,30,3,0,1913,40
Java,xwiki-platform-core/xwiki-platform-url/xwiki-platform-url-api/src/main/java/org/xwiki/url/internal/AbstractExtendedURLResourceTypeResolver.java,AbstractExtendedURLResourceTypeResolver.java,115,46,57,12,4,5326,90
Java,xwiki-platform-core/xwiki-platform-url/xwiki-platform-url-api/src/main/java/org/xwiki/url/internal/AbstractExtendedURLResourceReferenceSerializer.java,AbstractExtendedURLResourceReferenceSerializer.java,81,37,39,5,0,3810,74
Java,xwiki-platform-core/xwiki-platform-rendering/xwiki-platform-rendering-async/xwiki-platform-rendering-async-macro/src/main/java/org/xwiki/rendering/async/internal/AbstractExecutedContentMacro.java,AbstractExecutedContentMacro.java,147,80,42,25,9,5589,106
Java,xwiki-platform-core/xwiki-platform-localization/xwiki-platform-localization-sources/xwiki-platform-localization-source-wiki/src/main/java/org/xwiki/localization/wiki/internal/AbstractDocumentTranslationBundle.java,AbstractDocumentTranslationBundle.java,255,159,42,54,16,8715,161
Java,xwiki-platform-core/xwiki-platform-display/xwiki-platform-display-api/src/main/java/org/xwiki/display/internal/AbstractDocumentTitleDisplayer.java,AbstractDocumentTitleDisplayer.java,304,171,100,33,11,11498,196
Java,xwiki-platform-core/xwiki-platform-skin/xwiki-platform-skin-skinx/src/main/java/com/xpn/xwiki/plugin/skinx/AbstractDocumentSkinExtensionPlugin.java,AbstractDocumentSkinExtensionPlugin.java,465,240,182,43,30,18234,276
